01000110
11101001
11110011
11010001
01111111
11001010
01101100
10101001
01001101
00111010
00101011
01110010
01111011
01100011
11000110
11111100
01000010
11010100
01111000
10011011
01101000
01100111
00001101
11110110
11011010
10101110
11100011
10110011
00011111
01001001
00011010
11100110
10110010
10001101
00110111
10110001
11011000
00100011
11011010
10100101
11011101
10000101
10010111
11011000
01101001
11011110
01010100
00101011
00110010
01001101
01000110
00011011
00110100
11010100
10010001
10001110
00000010
11110100
11000001
10100001
10111101
01011100
00000111
11110000
01101001
10111110
00100001
11000001
01100001
01111100
11100111
10111110
10000001
11111110
00010111
01101010
01011100
11101011
00010110
00001111
10111000
11011100
10101010
01101100
00110000
10111011
01111011
10110010
00101111
10111100
11010100
01101100
10011000
01011011
11011100
10000010
10011010
01111110
11000011
01111011
01111010
00101010
10111010
01111011
10101001
01010001
01100110
10000101
10111100
11111100
00010100
11110101
01011000
00111110
11100001
00001001
01111001
11011100
00111011
00101000
00011001
10001111
00010101
00110001
01101011
01110001
00110011
10000101
01101111
01110111
10000000
01101001
00100001
10111010
01100101
01001010
10001011
01001011
01010000
11001000
11000111
11100100
00111101
10011111
10100011
10011110
00101000
10011100
11111011
11100100
01000101
10010100
11110011
11011010
01000101
11011110
11001011
11111001
11100011
10111011
11110000
11100100
10100100
10010001
00011110
10001001
01011100
00101010
01010100
00101100
01110010
10011011
10010000
00101111
10111011
10110011
01001101
01100011
11010000
11001000
11000111
10010101
11011100
00111011
11101111
10100010
10011001
00111010
00011011
11111101
01110101
10001011
01100001
10011010
10011100
11111111
10100011
01111000
10101001
01111000
00100100
10011011
10010011
00110101
01001010
11001110
01101000
00011000
10110010
10111000
01100000
11111001
11001101
10111101
10110100
00111100
11011111
11001110
11110111
01111010
01001011
11101100
10000101
00101100
00000110
10100001
10101011
00101010
10011010
11010101
00100010
00111110
11110000
00110101
11110011
10111011
10000100
11011100
01010011
10110110
00010100
00110011
00101111
01100010
01110000
01100100
00011110
11001111
10110010
10010101
11001001
01111101
00000010
11001110
00101001
10001000
11110000
01010100
00110010
00001010
10101001
11010100
11001000
00011010
10001010
00111100
01010101
10001110
10011000
00101000
11000100
00101100
11011011
01110011
00001110
11001100
01010111
10101101
00011011
10001001
11000010
01100101
10000110
01000100
10110011
00101111
01001101
00100011
00000100
11111111
10101101
00101101
01010100
11110110
11000111
01011110
10110010
10011100
01101100
11001010
01000100
10110000
01110110
10100000
10100011
00000101
11101100
01111011
00110010
10000111
10000100
01110100
01101100
10001011
00111001
10100000
00111010
00000110
01000011
10111110
10000101
01110001
01101100
01011001
11100111
10110011
00110111
00011001
11010000
00100011
01100011
10010100
01010011
01011001
10110100
01110111
11011110
00100000
01110010
10010000
00101000
01110110
10000101
00010100
10000001
00111110
00110100
00111100
11000100
11111000
01111010
11001001
11101001
01100110
10100011
01010000
10011010
01011010
11101001
11101010
11111110
11001100
11111110
11010001
10100101
00110011
11001000
00000100
11010011
10111010
00010100
01111011
10110001
00011001
00010000
10110010
11010111
11000100
01101110
00011011
00111100
01101001
01100101
10100101
01001111
10001000
01110101
01101001
01100010
11011110
11010011
11100000
00101010
01010010
00110010
01010000
00000101
01111010
11010100
01011000
10110101
01101000
01010100
11100110
00000010
11100100
00011000
01011001
00101000
00000111
11110101
11100101
11110000
11011010
00001010
10111111
11100010
00000000
10101001
11000100
01011110
11111100
00100101
00001001
11001110
11010111
11011001
01010011
11010001
00101101
00101100
00000110
00010101
00000000
01101100
10010111
01100100
00000101
01110001
00001100
10001100
11100110
01110001
11111100
01000000
11111100
00111011
10100010
01111100
01100100
11100110
01011010
11100001
10001011
11100011
00101111
11100010
00111100
00000011
00110100
11101001
10101111
10111010
01111111
00101111
10100111
10010110
00010011
00101100
10000111
10011111
00111000
11101101
10010001
10110100
10101101
00001101
01101111
11001111
00001001
01010100
00110110
11100011
10110101
01000001
01000111
01100100
10100100
00000011
11100111
01011000
01101101
00010110
10010010
01101100
11000101
10111001
10000010
01011000
01011000
